254: 149.50, 581: 38.33, 604: 113.12, 668: 96.01, 766: 80.92, 812: 86.73, 841: 38.00, 971: 132.75, 1280: 31.38, 1458: 55.45, 1700: 64.53, 1726: 73.01, 2035: 75.41, 2437: -11.96, 2854: 15.77, 2905: 106.14, 3256: 166.33, 3482: 55.41, 4159: 99.16, 4186: 71.09, 4270: 47.00, 4669: 29.86, 4765: 68.09, 4904: 98.35, 4973: 37.63, 4990: 38.78, 5026: 61.02, 5419: 55.48, 5430: -16.97, 5499: 79.56, 5507: 64.36, 5700: 80.89, 5924: 30.08, 5940: 74.14, 6036: 82.41, 6418: 13.88, 6429: 27.76, 6472: 39.47, 6506: 46.40, 6662: 121.94, 6718: -4.69


[[4270, 581, 5700], [5507, 3482, 668]]
[[2905, 1726, 6429], [971, 766, 604]]
[[5499, 6662, 2854], [4186, 6472, 2035]]
[[1458, 4990, 4973], [4904, 2437, 841]]
[[812, 6718, 5430], [6506, 1280, 3482]]
[[6429, 4270, 5419], [1700, 2035, 5499]]
[[766, 4990, 5700], [581, 5940, 1726]]
[[4973, 6718, 668], [6472, 6418, 4765]]
[[1458, 4159, 254], [971, 5507, 6662]]
[[2437, 812, 4669], [2905, 5924, 2854]]
[[841, 6036, 4186], [604, 1280, 4904]]
[[6506, 3256, 6418], [5026, 5700, 6429]]
[[581, 5419, 4990], [5924, 5499, 6718]]
[[6472, 4270, 1700], [4159, 2437, 1726]]
[[5430, 5026, 4186], [668, 971, 812]]
[[6506, 5507, 254], [766, 4973, 4904]]
[[1458, 604, 3482], [2035, 2854, 6036]]
[[1280, 6662, 841], [5940, 3256, 4765]]
[[2905, 5499, 766], [4669, 1700, 4159]]