1	1323	20.0	112.0	80.0	152.0	290.0	6-0-0	6
2	2035	18.0	114.0	60.0	88.0	295.0	6-0-0	6
3	4904	16.0	154.0	75.0	143.0	290.0	5-1-0	6
4	971	16.0	138.0	75.0	218.0	245.0	4-1-0	5
5	701	15.0	114.0	60.0	129.0	285.0	5-1-0	6
6	3250	14.0	128.0	70.0	119.0	235.0	5-0-0	5
7	2102	13.0	152.0	65.0	89.0	310.0	3-2-1	6
8	1678	13.0	128.0	50.0	182.0	245.0	3-1-1	5
9	4543	13.0	114.0	40.0	100.0	260.0	4-1-0	5
10	5507	13.0	110.0	65.0	79.0	270.0	4-2-0	6
11	1056	13.0	100.0	100.0	80.0	275.0	4-2-0	6
12	2144	13.0	76.0	70.0	109.0	245.0	4-2-0	6
13	604	12.0	106.0	60.0	38.0	290.0	4-2-0	6
14	4698	12.0	100.0	50.0	21.0	295.0	4-2-0	6
15	2085	12.0	94.0	40.0	44.0	230.0	4-1-0	5
16	295	12.0	92.0	45.0	49.0	240.0	4-1-0	5
17	5458	12.0	82.0	40.0	66.0	230.0	4-1-0	5
18	3257	11.0	146.0	65.0	74.0	290.0	3-2-1	6
19	1351	11.0	130.0	65.0	90.0	290.0	3-3-0	6
20	2854	11.0	106.0	70.0	60.0	270.0	3-3-0	6
21	2073	11.0	96.0	65.0	146.0	220.0	3-1-1	5
22	5869	11.0	58.0	55.0	53.0	250.0	3-3-0	6
23	4135	10.0	102.0	35.0	49.0	245.0	4-2-0	6
24	841	10.0	82.0	55.0	99.0	270.0	3-3-0	6
25	668	10.0	72.0	65.0	38.0	230.0	3-2-0	5
26	4669	10.0	68.0	60.0	32.0	250.0	3-3-0	6
27	3859	9.0	116.0	40.0	102.0	255.0	3-3-0	6
28	597	9.0	106.0	25.0	49.0	215.0	3-2-0	5
29	1458	9.0	96.0	45.0	31.0	250.0	3-3-0	6
30	4973	9.0	90.0	60.0	37.0	275.0	3-3-0	6
31	1671	9.0	90.0	55.0	90.0	205.0	3-2-0	5
32	5134	9.0	74.0	35.0	25.0	225.0	3-2-0	5
33	852	9.0	68.0	50.0	55.0	265.0	2-4-0	6
34	114	9.0	62.0	65.0	34.0	260.0	2-4-0	6
35	3669	8.0	102.0	50.0	50.0	210.0	3-2-0	5
36	5274	8.0	88.0	50.0	31.0	295.0	1-4-1	6
37	100	8.0	86.0	40.0	45.0	245.0	3-3-0	6
38	2367	8.0	78.0	40.0	79.0	200.0	3-2-0	5
39	5808	8.0	74.0	25.0	23.0	235.0	3-3-0	6
40	3189	8.0	70.0	40.0	64.0	260.0	2-4-0	6
41	2141	7.0	84.0	70.0	53.0	275.0	1-5-0	6
42	581	7.0	82.0	50.0	82.0	200.0	2-3-0	5
43	5250	7.0	82.0	50.0	51.0	200.0	2-3-0	5
44	692	7.0	82.0	35.0	62.0	195.0	2-2-1	5
45	6174	7.0	62.0	40.0	41.0	205.0	2-3-0	5
46	1280	7.0	60.0	35.0	72.0	220.0	3-3-0	6
47	2204	7.0	56.0	50.0	16.0	210.0	2-3-0	5
48	5924	6.0	108.0	60.0	57.0	300.0	1-5-0	6
49	5496	6.0	92.0	50.0	35.0	280.0	1-5-0	6
50	3598	6.0	76.0	40.0	38.0	255.0	2-4-0	6
51	766	6.0	72.0	20.0	50.0	165.0	2-2-0	6
52	4159	5.0	78.0	40.0	41.0	205.0	2-4-0	6
53	1072	5.0	70.0	40.0	53.0	240.0	1-5-0	6
54	4186	5.0	54.0	50.0	74.0	225.0	1-5-0	6
55	5430	4.0	66.0	25.0	6.0	190.0	1-4-0	5
56	4643	3.0	46.0	40.0	22.0	200.0	1-5-0	6
57	2551	2.0	66.0	40.0	47.0	180.0	0-5-0	5
58	5026	1.0	54.0	30.0	26.0	180.0	0-5-0	5
59	3615	0.0	50.0	25.0	19.0	155.0	0-4-0	5
60	3501	0.0	48.0	20.0	24.0	150.0	0-5-0	5
